Model Name,File Name,Question,Choices,Model Response,Correct Answer
gpt-4o,./data/data_BDA.json,다음 중 선형회귀와 로지스틱 회귀에 대한 설명으로 가장 알맞지 않은 것은 무엇인가?,"선택지:
1번 - 선형회귀에서 잔차는 정규분포를 따른다.
2번 - 선형회귀는 독립변수를 사용해 종속변수의 움직임을 예측한다.
3번 - 로지스틱 회귀는 종속변수가 이진이며 분류에 사용한다.
4번 - 선형회귀에서 로짓 변환을 사용한다.",선택지 4: 선형회귀에서 로짓 변환을 사용한다.,4
gpt-4o,./data/data_BDA.json,종속변수가 범주형이고 독립변수가 수치형 변수 여러 개로 이루어진 변수 간의 관계를 분석하기 위해 적용할 수 있는 알고리즘으로 올바른 것은?,"선택지:
1번 - 로지스틱 회귀 분석
2번 - k-평균 군집
3번 - 주성분 분석
4번 - DBSCAN",1. 로지스틱 회귀 분석,1
gpt-4o,./data/data_BDA.json,다음 중 로지스틱 회귀분석에 대한 설명으로 가장 알맞지 않은 것은 무엇인가?,"선택지:
1번 - 독립변수가 범주형이다.
2번 - 종속변수는 0과 1이다.
3번 - 로짓 변환을 사용한다.
4번 - 시그모이드 함수를 사용한다.",1. 독립변수가 범주형이다.,1
gpt-4o,./data/data_BDA.json,서포트 벡터 머신에 대한 설명으로 옳지 않은 것은?,"선택지:
1번 - 데이터 세트의 크기가 클 경우 최적화를 위한 평가 과정이 줄어들어 속도가 빠르다.
2번 - 다른 모형보다 과대적합에 강하다.
3번 - 비선형으로 분류되는 모형에 사용할 수 있다.
4번 - 서포트 벡터가 여러 개일 수 있다.",1. 데이터 세트의 크기가 클 경우 최적화를 위한 평가 과정이 줄어들어 속도가 빠르다.,1
gpt-4o,./data/data_BDA.json,다음 중 k-평균 군집 알고리즘을 통해 k 값을 구하는 기법은 무엇인가?,"선택지:
1번 - k-Centroid 기법
2번 - 최장 연결법
3번 - 엘보우 기법
4번 - 역전파 알고리즘",3. 엘보우 기법,3
gpt-4o,./data/data_BDA.json,다음 중 SVM 가우시안 커널(Gaussian Kernel)에 대한 설명으로 가장 옳지 않은 것은 무엇인가?,"선택지:
1번 - 비선형 데이터가 있는 경우에 일반적으로 활용된다.
2번 - 2차원의 점을 1차원의 점으로 변환한다.
3번 - 가장 많이 사용되는 커널이다.
4번 - 데이터에 대한 사전 지식이 없는 경우 적절하게 분리할 때 활용된다.",2차원의 점을 1차원의 점으로 변환한다.,2
gpt-4o,./data/data_BDA.json,소프트맥스 함수에 대한 설명으로 가장 올바르지 않은 것은?,"선택지:
1번 - 출력값은 0에서 1 사이의 실수이다.
2번 - 분산 1이 된다.
3번 - 출력값을 확률로 해석할 수 있다.
4번 - 출력값의 총합이 1이 된다.",분산 1이 된다.,2
gpt-4o,./data/data_BDA.json,다음 중 활성화 함수에 대한 설명으로 가장 알맞지 않은 것은 무엇인가?,"선택지:
1번 - 하이퍼볼릭 탄젠트는 -1에서 1의 값을 가진다.
2번 - 부호 함수는 임곗값을 기준으로 활성화 또는 비활성화가 된다.
3번 - ReLU 함수는 시그모이드의 기울기 소실 문제를 해결하였다.
4번 - 시그모이드 함수 입력값이 0일 때, 미분 값은 0.25이다.","4. 시그모이드 함수 입력값이 0일 때, 미분 값은 0.25이다.",2
gpt-4o,./data/data_BDA.json,범주형 데이터를 분류할 수 없는 것은?,"선택지:
1번 - 인공신경망
2번 - 의사결정나무
3번 - 선형 회귀 분석
4번 - SVM",3: 선형 회귀 분석,3
gpt-4o,./data/data_BDA.json,의사결정나무의 분석 과정으로 가장 알맞지 않은 것은?,"선택지:
1번 - 데이터의 분류 및 예측에 활용한다.
2번 - 부적절한 나뭇가지는 가지치기로 제거한다.
3번 - 분석의 목적과 자료 구조에 따라서 적절한 분리 기준으로 마지막 끝 마디까지 생성한다.
4번 - 이익, 위험, 비용 등을 고려하여 모형을 평가한다.",이 문제의 답은 3입니다: 분석의 목적과 자료 구조에 따라서 적절한 분리 기준으로 마지막 끝 마디까지 생성한다.,3
gpt-4o,./data/data_BDA.json,인공신경망에 대한 설명으로 가장 알맞지 않은 것은?,"선택지:
1번 - 인공신경망에서 역전파는 입력층(Input Layer)에서 출력층(Output Layer)까지 정보가 전달되는 과정이다.
2번 - 인공신경망은 입력값을 받아서 출력값을 만들기 위해 촬성화 함수를 사용한다.
3번 - 인공신경망은 사람 두뇌의 신경세포인 뉴런이 전기신호를 전달하는 모습을 모방한 기계학습 모델이다.
4번 - 활성화 함수는 순 입력함수로부터 전달받은 값을 출력값으로 변환해 주는 함수이다.",1. 인공신경망에서 역전파는 입력층(Input Layer)에서 출력층(Output Layer)까지 정보가 전달되는 과정이다.,1
gpt-4o,./data/data_BDA.json,활성화 함수 중 단층 신경망에서 해결할 수 없는 것은?,"선택지:
1번 - AND
2번 - OR
3번 - NOR
4번 - XOR",4. XOR,4
gpt-4o,./data/data_BDA.json,로지스틱 회귀 모형에 대한 설명으로 옳은 것은?,"선택지:
1번 - 설명변수가 한 개인 경우 종형 그래프를 가진다.
2번 - 설명변수는 모두 연속형이어야 한다.
3번 - 연속형 반응변수에 대해서도 적용할 수 있다.
4번 - 분류의 목적으로 사용될 수 있다.",4. 분류의 목적으로 사용될 수 있다.,4
gpt-4o,./data/data_BDA.json,딥러닝에 대한 설명으로 옳은 것은?,"선택지:
1번 - 오차역전파를 사용한다.
2번 - ReLU보다 Sigmoid를 사용한다.
3번 - 딥러닝은 각 은닉층의 가중치를 통해 모형의 결과를 해석하기 용이하다.
4번 - Dropout은 무작위 비율로 신경망을 제거한다.",1. 오차역전파를 사용한다.,1
gpt-4o,./data/data_BDA.json,PCA에 대한 설명으로 옳지 않은 것은?,"선택지:
1번 - 차원 축소는 고윳값이 낮은 순으로 정렬해서, 높은 고윳값을 가진 고유벡터만으로 데이터를 복원한다.
2번 - 변동 폭이 작은 축을 선택한다.
3번 - 축들은 서로 직교되어 있다.
4번 - 주성분은 상관성이 높은 변수들을 요약, 축소하는 기법이다.","1. 차원 축소는 고윳값이 낮은 순으로 정렬해서, 높은 고윳값을 가진 고유벡터만으로 데이터를 복원한다.",2
gpt-4o,./data/data_BDA.json,"CNN에서 원본 이미지가 5X5에서 Stride가 1이고, 필터가 3X3일 때 Feature Map은 무엇인가?","선택지:
1번 - (1,1)
2번 - (2,2)
3번 - (3,3)
4번 - (4,4)","(3,3)",3
gpt-4o,./data/data_BDA.json,랜덤 포레스트에 대한 설명으로 적절하지 않은 것은?,"선택지:
1번 - 훈련을 통해 구성해놓은 다수의 나무들로부터 투표를 통해 분류 결과를 도출한다.
2번 - 분류기를 여러 개 쓸수록 성능이 좋아진다.
3번 - 트리의 수가 많아지면 Overfit 된다.
4번 - 여러 개의 의사결정 트리가 모여서 랜덤 포레스트 구조가 된다.",3. 트리의 수가 많아지면 Overfit 된다.,3
gpt-4o,./data/data_BDA.json,"다음 중 훈련 데이터에서 다수의 부트스트랩(Bootstrap)자료를 생성하고, 각 자료를 모델링한 후 결합하여 최종 예측 모형을 만드는 앙상블 기법으로 가장 알맞은 것은?","선택지:
1번 - 배깅
2번 - 부스팅
3번 - 보팅
4번 - 의사결정나무",1. 배깅,1
gpt-4o,./data/data_BDA.json,다음 중 은닉층이 순환적으로 연결된 것은 무엇인가?,"선택지:
1번 - CNN
2번 - ANN
3번 - RNN
4번 - DNN",3. RNN,3
gpt-4o,./data/data_BDA.json,다음 중 심층신경망에 대한 설명으로 가장 알맞지 않은 것은 무엇인가?,"선택지:
1번 - 은닉층이 1개 존재한다.
2번 - 오차 역전파를 사용한다.
3번 - 시그모이드는 오차 역전파로 결과 해석이 어렵다.
4번 - 은닉층(Hidden Layer)를 심층(Deep)으로 구성한다.",1. 은닉층이 1개 존재한다.,1
gpt-4o,./data/data_BDA.json,배깅에 대한 설명으로 알맞지 않은 것은?,"선택지:
1번 - 편향이 낮은 과소적합 모델에 효과적이다.
2번 - 편향이 높은 과대적합 모델에 효과적이다.
3번 - 훈련 데이터에서 다수의 부트스트랩 자료를 생성하고 각 부트스트랩 자료를 결합하여 최종 예측 모형을 만드는 알고리즘이다.
4번 - 가중치를 활용하여 약 분류기를 강 분류기로 만드는 방법이다.",답: 4. 가중치를 활용하여 약 분류기를 강 분류기로 만드는 방법이다.,4
gpt-4o,./data/data_BDA.json,차원 축소 기법인 PCA(Principal Component Analysis)에 대한 설명으로 가장 올바르지 않은 것은?,"선택지:
1번 - 선형 결합한다.
2번 - 변동이 큰 축을 기준으로 한 차원씩 선택한다.
3번 - 이산형 변수에 사용할 수 있다.
4번 - 차원 축소를 통해 원본 데이터를 직관적으로 파악할 수 있다.",3. 이산형 변수에 사용할 수 있다.,4
gpt-4o,./data/data_BDA.json,주성분 분석에 대한 설명으로 옳지 않은 것은?,"선택지:
1번 - 주성분 분석은 서로 상관성이 높은 변수들의 선형 결합으로 만들어 기존의 상관성이 높은 변수들을 요약, 축소하는 기법이다.
2번 - 분산이 가장 작은 것을 제1 주성분으로 한다.
3번 - 주성분 분석은 고윳값, 고유벡터를 통해 분석한다.
4번 - 주성분 분석의 목적 중 하나는 데이터를 이해하기 위한 차원 축소이다.",2. 분산이 가장 작은 것을 제1 주성분으로 한다.,2
gpt-4o,./data/data_BDA.json,다음 중 앙상블에서 베이스 모형의 독립성을 최적화하기 위한 방법으로 가장 알맞지 않은 것은?,"선택지:
1번 - 입력변수를 다양하게 한다.
2번 - 테스트 데이터를 다르게 한다.
3번 - 서로 다른 알고리즘을 사용한다.
4번 - 초매개변수를 다양하게 한다.",2. 테스트 데이터를 다르게 한다.,2
gpt-4o,./data/data_BDA.json,다음 중 순환 신경망(RNN)에서 발생하는 GV(기울기 소실) GE(기울기 폭발)에 대한 설명으로 가장 알맞은 것은?,"선택지:
1번 - 기울기 클리핑(Gradient Clipping)은 기울기 소실을 막기 위해 기울기 값을 자르는 방법이다.
2번 - 기울기 소실이란 오차역전파 과정에서 입력층으로 갈수록 가중치에 따른 결괏값의 기울기가 작아져 0에 수렴하는 문제이다.
3번 - RNN은 LSTM(Long Short Term Memory)의 장기의존성 문제를 보완하기 위한 알고리즘이다.
4번 - 순환 신경망은 입력 게이트, 망각 게이트, 출력 게이트로 구성된다.",기울기 소실이란 오차역전파 과정에서 입력층으로 갈수록 가중치에 따른 결괏값의 기울기가 작아져 0에 수렴하는 문제이다.,2
gpt-4o,./data/data_BDA.json,오토인코더에 대한 설명으로 가장 알맞지 않은 것은?,"선택지:
1번 - 비지도학습 신경망이다.
2번 - 인코더는 차원 축소의 역할을 한다.
3번 - 입력층 노드 개수는 출력층 노드 개수보다 커야한다.
4번 - 인코드 입력 노드 개수는 디코드 출력 노드 개수와 동일하다.",입력층 노드 개수는 출력층 노드 개수보다 커야한다.,3
gpt-4o,./data/data_BDA.json,주성분 분석(PCA)에 대한 설명으로 옳지 않은 것은?,"선택지:
1번 - 대표적인 차원 축소 방법이다.
2번 - 고윳값 분해와 특이값 분해 등의 수학적 행렬 분해를 이용한다.
3번 - 고차원 데이터를 저차원 데이터로 직교 변환한다.
4번 - 원본 비음수 행렬은 비음수 행렬의 곱으로 표현한다.","Question: 주성분 분석(PCA)에 대한 설명으로 옳지 않은 것은?
Choices: 
1. 대표적인 차원 축소 방법이다.
2. 고윳값 분해와 특이값 분해 등의 수학적 행렬 분해를 이용한다.
3. 고차원 데이터를 저차원 데이터로 직교 변환한다.
4. 원본 비음수 행렬은 비음수 행렬의 곱으로 표현한다.

The incorrect description of PCA is:
4. 원본 비음수 행렬은 비음수 행렬의 곱으로 표현한다. 

Explanation: The 4th choice describes Non-negative Matrix Factorization (NMF), not PCA. PCA does not specifically deal with non-negativity in its decomposition.",4
gpt-4o,./data/data_BDA.json,다음 중 RNN의 장기 의존성 문제를 해결하였으며 리셋 게이트와 업데이트 게이트로 구성된 모형은 무엇인가?,"선택지:
1번 - 단방향 RNN
2번 - 양방향 RNN
3번 - LSTM
4번 - GRU",4. GRU,4
gpt-4o,./data/data_BDA.json,다음 중 자연어 처리(NLP) 기법으로 가장 적합하지 않은 것은?,"선택지:
1번 - ELMo
2번 - GPT
3번 - BERT
4번 - YOLO",4. YOLO,4
gpt-4o,./data/data_BDA.json,딥러닝의 트랜스포머(Transformer)의 구성요소로 가장 알맞지 않은 것은?,"선택지:
1번 - 망각 게이트
2번 - 셀프 어텐션
3번 - 멀티헤드 셀프 어텐션
4번 - 포지셔널 인코딩",1. 망각 게이트,1
gpt-4o,./data/data_BDA.json,다음 중 부스팅에 대한 설명으로 가장 옳지 않은 것은?,"선택지:
1번 - 예측력이 약한 모형들을 결합하여 강한 예측 모형을 만드는 방법이다.
2번 - 잘못 분류된 개체들에 가중치를 적용, 새로운 분류 규칙을 만들고, 이 과정을 반복해 최종 모형을 만드는 알고리즘이다.
3번 - 학습 데이터를 병렬적으로 학습하며 잘못 분류된 데이터에 가중치를 부여한다.
4번 - 일반적으로 보팅(Voting)을 통하여 결과를 예측한다.",4. 일반적으로 보팅(Voting)을 통하여 결과를 예측한다.,3
gpt-4o,./data/data_BDA.json,다음 중 랜덤 포레스트에 대한 설명으로 가장 옳지 않은 것은?,"선택지:
1번 - 배깅을 이용한 알고리즘의 하나이다.
2번 - 무작위성을 주어 약한 학습기들을 생성한 후 이를 선형 결합하여 최종 학습기를 만드는 방법이다.
3번 - 부트스트랩을 통해 조금씩 다른 훈련 데이터에 대해 훈련된 기초 분류기들을 결합시키는 방법을 사용한다.
4번 - 기본적으로 모든 데이터를 이용하여 학습한다.",4. 기본적으로 모든 데이터를 이용하여 학습한다.,4
gpt-4o,./data/data_BDA.json,다음 중 가중치를 부여하는 앙상블 기법으로 가장 적합한 것은?,"선택지:
1번 - 배깅
2번 - 부스팅
3번 - 보팅
4번 - 가지치기",3. 보팅,2
gpt-4o,./data/data_BDA.json,다음 중 경사 하강법과 관련된 알고리즘으로 옳지 않은 것은?,"선택지:
1번 - Adaboost
2번 - RMSProp
3번 - Adagrad
4번 - Nesterov Momentum",1. Adaboost,1
gpt-4o,./data/data_BDA.json,다음 중 과대 적합 방지 기법이 아닌 것은?,"선택지:
1번 - 정규화(Regularization)
2번 - Dropout
3번 - 배치 정규화(Batch Normalization)
4번 - Max Pooling",4. Max Pooling,4
gpt-4o,./data/data_BDA.json,다음 중 인공신경망에서 드롭아웃(Dropout)과 같은 효과를 나타내는 것은 무엇인가?,"선택지:
1번 - 학습률 조정
2번 - 활성화 함수 변경
3번 - 은닉층 수 감소
4번 - 부스팅","드롭아웃(Dropout)은 인공신경망에서 과적합을 방지하기 위해 학습 중에 무작위로 일부 뉴런을 비활성화하는 기법입니다. 이는 모델의 복잡도를 줄여 과적합을 완화하는 데 도움이 됩니다. 이에 유사한 효과를 나타내는 것은 모델의 복잡성을 줄이는 방법이므로, 은닉층 수 감소가 드롭아웃과 비슷한 효과를 나타냅니다. 따라서, 답은:

3. 은닉층 수 감소",3
gpt-4o,./data/data_BDA.json,다음 중 과대 적합에 대한 설명으로 올바르지 않은 것은?,"선택지:
1번 - 데이터 수를 늘리게 되면 과대 적합 상태가 된다.
2번 - 과대 적합은 학습 데이터와 검증 데이터 간 성능 차이가 크다.
3번 - 과대 적합, 과소 적합 모두 모델과의 일반화 능력을 저하시켜 균형을 찾는 것이 중요하다.
4번 - 학습 데이터에 적합하게 학습되어 학습 데이터에 대한 성능은 우수하지만, 검증 데이터에 대한 성능은 저하되는 현상이다.",1. 데이터 수를 늘리게 되면 과대 적합 상태가 된다.,1
gpt-4o,./data/data_BDA.json,원-핫 인코딩에 대한 설명으로 옳지 않은 것은?,"선택지:
1번 - 텍스트 단어에 대해서 벡터를 생성할 수 있다.
2번 - 서로 다른 단어에 대한 내적은 0이다.
3번 - 저장 공간이 효율적이다.
4번 - 원-핫 인코딩은 이산형 벡터이다.",선택지 3: 저장 공간이 효율적이다.,3
gpt-4o,./data/data_BDA.json,K-Fold에 대한 설명으로 옳지 않은 것은?,"선택지:
1번 - 데이터를 K개로 나눈다.
2번 - 1개는 학습용 데이터, (K-1)개는 검증용 데이터로 사용한다.
3번 - K번 반복 수행한다.
4번 - 결과를 K에 다수결 또는 평균으로 분석한다.","정답은 2번, ""1개는 학습용 데이터, (K-1)개는 검증용 데이터로 사용한다.""입니다. 이 설명은 옳지 않습니다. K-Fold 교차 검증에서는 데이터를 K개로 나누고, 그 중 1개를 검증용 데이터로 나머지 (K-1)개를 학습용 데이터로 사용하는 것을 K번 반복하여 다양한 검증 세트를 활용해 모델을 평가합니다.",2
gpt-4o,./data/data_BDA.json,"재현율(Recall)이 60%, 정밀도(Precision)가 40%일 때, F1-Score는 어떻게 되는가?","선택지:
1번 - 40%
2번 - 48%
3번 - 50%
4번 - 60%","재현율(Recall)과 정밀도(Precision) 값을 이용하여 F1-Score를 계산할 수 있습니다. F1-Score는 정밀도와 재현율의 조화평균으로 정의됩니다. 

F1-Score는 다음과 같은 공식으로 계산됩니다:

\[ F1 = 2 \times \frac{{\text{{Precision}} \times \text{{Recall}}}}{{\text{{Precision}} + \text{{Recall}}}} \]

주어진 문제에서 재현율(Recall)은 60% 또는 0.6이고, 정밀도(Precision)는 40% 또는 0.4입니다. 이를 공식에 대입하면

\[ F1 = 2 \times \frac{{0.4 \times 0.6}}{{0.4 + 0.6}} \]

\[ F1 = 2 \times \frac{0.24}{1.0} \]

\[ F1 = 0.48 \]

즉, F1-Score는 48%입니다.

따라서, 정답은 2번: 48%입니다.",2
gpt-4o,./data/data_exq.json,계층적 군집 방법이 아닌 것은?,"선택지:
1번 - 단일 연결법 (Single Linkage)
2번 - 완전 연결법 (Complete Linkage)
3번 - 평균 연결법 (Average Linkage)
4번 - K-평균 군집화 (K-means Clustering)",4: K-평균 군집화 (K-means Clustering),4
gpt-4o,./data/data_exq.json,K-means 군집분석의 설명에 대해 옳은 것은?,"선택지:
1번 - 초기 중심점 선택에 따라 결과가 달라질 수 있다.
2번 - 이상치에 민감하지 않다.
3번 - 범주형 변수에 대해 직접 적용이 가능하다.
4번 - 군집의 개수 K를 사전에 지정할 필요가 없다.",1. 초기 중심점 선택에 따라 결과가 달라질 수 있다.,1
gpt-4o,./data/data_exq.json,상관계수에 대한 설명으로 틀린 것은?,"선택지:
1번 - 피어슨 상관계수는 -1에서 1 사이의 값을 가진다.
2번 - 상관계수는 인과관계를 나타낸다.
3번 - 스피어만 상관계수는 순위 데이터에 사용된다.
4번 - 상관계수의 절대값이 클수록 강한 선형관계를 나타낸다.","Question: 상관계수에 대한 설명으로 틀린 것은?
Choices: 
1. 피어슨 상관계수는 -1에서 1 사이의 값을 가진다.
2. 상관계수는 인과관계를 나타낸다.
3. 스피어만 상관계수는 순위 데이터에 사용된다.
4. 상관계수의 절대값이 클수록 강한 선형관계를 나타낸다.

Answer: 2. 상관계수는 인과관계를 나타낸다.",2
gpt-4o,./data/data_exq.json,신경망 노드 중 무작위로 노드를 선정하여 다수의 모형을 구성하고 학습한 뒤 각 모형의 결과를 결합해 분류 및 예측하는 기법을 무엇이라고 하는가?,"선택지:
1번 - Mini-Batch
2번 - Bagging
3번 - Drop-out
4번 - AdaBoost",The correct choice is: Bagging,4
gpt-4o,./data/data_exq.json,인공신경망에서 동일 입력층에 대해 원하는 값이 출력되도록 각 계층의 가중치를 조정하는 방법은?,"선택지:
1번 - 역전파 알고리즘
2번 - 균등 분배 알고리즘
3번 - 유전 알고리즘
4번 - 은닉층 무시 알고리즘",1. 역전파 알고리즘,1
gpt-4o,./data/data_exq.json,자연어처리 도구로 옳지 않은 것은?,"선택지:
1번 - BERT
2번 - GPT
3번 - Transformer
4번 - OpenCV",4: OpenCV,4
gpt-4o,./data/data_exq.json,약한 인공지능(weak AI) 및 강한 인공지능(strong AI)에 대한 설명으로 옳지 않은 것은?,"선택지:
1번 - 약한 인공지능은 특정 문제를 해결할 수 있는 수준의 인공지능을 말한다.
2번 - 강한 인공지능은 인간의 모든 지능적 요소를 가진 인공지능을 말한다.
3번 - 알파고는 강한 인공지능에 속한다.
4번 - 강한 인공지능은 앨런 튜링이 제시한 튜링 테스트를 통과할 수 있다.",3. 알파고는 강한 인공지능에 속한다.,3
gpt-4o,./data/data_exq.json,생성 모델에 대한 설명으로 옳지 않은 것은?,"선택지:
1번 - 생성 모델을 통해 특정 연령, 성별, 안경 유형과 같은 원하는 속성으로 유명인의 얼굴을 바꿀 수 있다.
2번 - 자기 부호화기(auto encoder)로 영상을 생성할 경우, 인코더와 디코더 설계 시 합성곱(convolution)층을 사용할 수 있다.
3번 - 생성적 적대 신경망(또는 적대적 생성 신경망, GAN, Generative Adversarial Networks)이 성공적으로 학습을 완료하면 분별망은 생성망이 만든 영상을 식별할 수 있다.
4번 - 변이형 자기 부호화기(variational auto encoder)는 학습 데이터의 분포를 따르는 새로운 영상을 생성할 수 있다.","3: 생성적 적대 신경망(또는 적대적 생성 신경망, GAN, Generative Adversarial Networks)이 성공적으로 학습을 완료하면 분별망은 생성망이 만든 영상을 식별할 수 있다.",3
gpt-4o,./data/data_exq.json,"합성곱 신경망(CNN, Convolutional Neural Network)에 대한 설명으로 옳지 않은 것은?","선택지:
1번 - 이미지 분류 업무에 CNN을 활용할 수 있다.
2번 - CNN 내부에는 여러 개의 합성곱(convolution)층과 풀링(pooling)층을 배치할 수 있다.
3번 - CNN에서는 완전 연결(fully connected)층이 사용되지 않는다.
4번 - CNN에서는 학습 데이터에 과적합(overfitting)되는 문제를 해결하기 위해 드롭아웃(dropout) 기법이 사용될 수 있다.",선택지 3: CNN에서는 완전 연결(fully connected)층이 사용되지 않는다.,3
gpt-4o,./data/data_exq.json,생성 모델에 활용되는 자기 부호화기(auto encoder)에 대한 설명으로 옳지 않은 것은?,"선택지:
1번 - 특징 추출에도 활용된다.
2번 - 지도 학습(supervised learning)에 해당한다.
3번 - 인코더는 차원을 점점 줄이나 디코더는 차원을 점점 늘리기 때문에 출력층에서 원래 차원을 회복한다. 
4번 - 변이형 자기 부호화기(variational auto encoder)는 잠재 변수의 발산을 방지하기 위한 규제화항을 오차에 포함하여 학습한다.",2. 지도 학습(supervised learning)에 해당한다.,2
gpt-4o,./data/data_exq.json,기계학습의 성능 향상을 위한 학습 데이터 전처리(preprocessing)기법과 검증 기법에 대한 설명으로 옳지 않은 것은?,"선택지:
1번 - 데이터 전처리의 한 예로 결손값(missing value) 처리가 있다.
2번 - 원－핫 인코딩(one-hot encoding)에서는 해당 속성값의 특징에 의해 고윳값에 해당하는 위치에만 1을 표시하고 나머지는 0으로 표시한다.
3번 - k-폴드 교차검증(k-fold cross validation)은 주어진 데이터를 k개의 데이터 폴드 집합으로 만든 뒤 다양한 폴드 집합 조합에 대해 학습과 검증 과정을 반복적으로 수행하는 기법이다.
4번 - SMOTE(Synthetic Minority Over-sampling Technique)는 특정 부류(class)에 속하는 학습 데이터가 지나치게 많은 경우, 데이터 일부를 추출하여 제거하는데 사용된다.","4. SMOTE(Synthetic Minority Over-sampling Technique)는 특정 부류(class)에 속하는 학습 데이터가 지나치게 많은 경우, 데이터 일부를 추출하여 제거하는데 사용된다.",4
gpt-4o,./data/data_exq.json,"기본 순환 신경망(RNN, Recurrent Neural Network)과 이의 변형 기법에 대한 설명으로 옳지 않은 것은?","선택지:
1번 - RNN은 계층이 깊어질수록 그래디언트 소멸 문제(vanishing gradient problem)가 발생하기 쉽다.
2번 - LSTM(Long Short Term Memory)의 출력은 이전 시점의 입력값과 은닉층의 값뿐만 아니라 이후 시점의 입력값과 은닉층의 값에도 영향을 받는다.
3번 - RNN에서 순환 드롭아웃(recurrent dropout)은 과적합(overfitting)을 방지하기 위해 사용된다.
4번 - GRU(Gated Recurrent Unit)는 LSTM과 유사한 원리로 동작하지만, 게이트 수를 줄여 더 간결한 구조를 갖는다.",2. LSTM(Long Short Term Memory)의 출력은 이전 시점의 입력값과 은닉층의 값뿐만 아니라 이후 시점의 입력값과 은닉층의 값에도 영향을 받는다.,2
gpt-4o,./data/data_exq.json,그래디언트 소멸 문제(vanishing gradient problem)에 대한 설명으로 옳지 않은 것은?,"선택지:
1번 - 특정 활성화 함수를 사용하는 계층이 신경망에 많이 추가되면 학습이 되지 않는 현상을 말한다.
2번 - 0이나 0에 가까운 수가 시그모이드(sigmoid) 함수에 들어오면 그래디언트가 0에 가까워 학습이 되지 않는다.
3번 - 그래디언트의 절댓값이 너무 작아지면 학습이 되지 않아 가중치(weight)와 편향(bias) 값들이 효과적으로 업데이트 되지 못한다.
4번 - 그래디언트 소멸 문제를 해결하기 위해 DNN(Deep Neural Network)에서는 활성화 함수로 ReLU 함수를 사용한다.",1. 특정 활성화 함수를 사용하는 계층이 신경망에 많이 추가되면 학습이 되지 않는 현상을 말한다.,2
gpt-4o,./data/data_exq.json,"다음 설명에 해당하는 자연어처리 기법은? , 주변에 있는 단어를 이용해 중간에 있는 특정 단어를 추론하는 방법으로, 큰 차원으로 표현된 특정 단어의 원－핫 인코딩(one-hot encoding) 벡터를 작은 차원의 실수 벡터로 바꾸어 줄 수 있다.","선택지:
1번 - CBOW(Continuous Bag of Words)
2번 - n-Gram
3번 - Skip-Gram
4번 - TF-IDF(Term Frequency-Inverse Document Frequency) vector",1. CBOW(Continuous Bag of Words),1
gpt-4o,./data/data_exq.json,인공지능 활용 분야 중 사용되는 대표 학습 모델이 다른 것은?,"선택지:
1번 - 유명한 화가가 그린 그림의 화풍을 분석하는 것
2번 - 현금 인출기에서 수표에 쓰인 필기체 숫자를 인식하는 것
3번 - 스마트폰에서 연관성이 있는 사진들을 모아 정리해 주는 것
4번 - 사람이 하는 말을 텍스트로 변환해 주는 서비스를 이용하는 것",3. 스마트폰에서 연관성이 있는 사진들을 모아 정리해 주는 것,4
gpt-4o,./data/data_exq.json,생성형 인공지능에 대한 설명으로 옳지 않은 것은?,"선택지:
1번 - 프롬프트(prompt)에 대응하여 텍스트, 이미지 등을 생성한다. 
2번 - 주요 생성형 인공지능 모델로는 ChatGPT, Bard, LLaMa 등이 있다.
3번 - 학습 데이터의 패턴과 구조를 학습하여 유사한 특징이 있는 새로운 데이터를 생성한다.
4번 - 텍스트를 이미지로 변환하는 생성형 모델로는 Stable Diffusion, Neocognitron, DALL-E 등이 대표적이다.","4. 텍스트를 이미지로 변환하는 생성형 모델로는 Stable Diffusion, Neocognitron, DALL-E 등이 대표적이다.",4
gpt-4o,./data/data_exq.json,인공지능을 구현하기 위해 필요한 요소 기술에 대한 설명으로 옳지 않은 것은?,"선택지:
1번 - 추론은 현재 상태에서 목표 상태에 도달하기 위해 수행해야 할 일련의 행동 순서를 찾는 것을 의미한다.
2번 - 지식표현은 문제를 해결하거나 심층적인 추론을 하는 데 사용할 수 있도록 지식을 효과적으로 표현하는 방법이다.
3번 - 학습은 경험을 통해 나중에 동일한 문제나 유사한 문제를 더 잘 해결할 수 있도록 시스템의 구조나 파라미터를 바꾸는 것을 의미한다.
4번 - 탐색은 문제의 답이 될 수 있는 것들의 집합을 공간으로 간주하고문제에 대한 최적의 해를 찾기 위해 공간을 체계적으로 검색하는것을 의미한다.",답: 1. 추론은 현재 상태에서 목표 상태에 도달하기 위해 수행해야 할 일련의 행동 순서를 찾는 것을 의미한다.,1
gpt-4o,./data/data_exq.json,다음 중 비지도 학습으로 분류되는 것은?,"선택지:
1번 - 선형 회귀(LR, Linear Regression)
2번 - K-평균 알고리즘(K-means algorithm)
3번 - k-최근접 이웃(kNN, k-Nearest Neighbor)
4번 - 서포트 벡터 머신(SVM, Support Vector Machine)",K-평균 알고리즘(K-means algorithm),2
gpt-4o,./data/data_exq.json,서포트 벡터 머신에 대한 설명으로 옳지 않은 것은?,"선택지:
1번 - 주어진 데이터를 두 개의 영역으로 분류하는 이진 분류기이다.
2번 - Vapnik 등이 개발한 통계 학습 이론의 결과를 기반으로 하는 기계학습 방법이다.
3번 - 데이터 분류를 위한 경계면은 경계면과 서포트 벡터들 간의 거리가 최대가 되도록 결정한다.
4번 - 경계면 결정 시 일부 데이터가 마진(margin) 내에 들어오도록 허용하는 것을 하드(hard) 마진이라 한다.",4. 경계면 결정 시 일부 데이터가 마진(margin) 내에 들어오도록 허용하는 것을 하드(hard) 마진이라 한다.,4
gpt-4o,./data/data_exq.json,기계학습에서 발생할 수 있는 과적합(overfitting)을 완화하기 위한 방법으로 옳지 않은 것은?,"선택지:
1번 - 드롭아웃(dropout)은 학습 과정에서 노드를 미리 정해진 비율만큼 랜덤으로 비활성화하여 과적합을 완화한다.
2번 - 배치 정규화(batch normalization)는 은닉층의 가중치를 정규화하고 노드값의 표준편차를 증대시켜 과적합을 완화한다.
3번 - 데이터 증강(data augmentation)은 기존 학습 데이터에 약간의 변형을 가한 새로운 학습 데이터를 추가하여 과적합을 완화한다.
4번 - 규제화(regularization)는 오차 함수를 오차 항과 모델 복잡도 항의 합으로 정의하여 가중치의 절댓값을 제한함으로써 과적합을 완화한다.",2. 배치 정규화(batch normalization)는 은닉층의 가중치를 정규화하고 노드값의 표준편차를 증대시켜 과적합을 완화한다.,2
gpt-4o,./data/data_exq.json,"생성적 적대 신경망(GAN, Generative Adversarial Network)에 대한 설명으로 옳지 않은 것은?","선택지:
1번 - 판별자 출력층의 노드는 하나이다.
2번 - 생성자와 판별자의 두 신경망을 사용한다.
3번 - 생성자의 학습 과정에서는 판별자를 사용하지 않는다.
4번 - 생성자의 목적은 판별자를 속일 수 있을 정도로 품질이 높은 위조 데이터를 생성하는 것이다.",3. 생성자의 학습 과정에서는 판별자를 사용하지 않는다.,3
gpt-4o,./data/data_exq.json,컴퓨터 비전 관련 딥러닝 모델에 대한 설명으로 옳지 않은 것은?,"선택지:
1번 - YOLO는 정확도보다 처리 속도에 강점을 갖는 객체 탐지 및 분류 모델이다
2번 - R-CNN 모델에서는 객체 탐지와 분류를 동시에 수행하므로 효율성이 높다.
3번 - Fast R-CNN 모델에서는 입력 영상에서 객체를 탐지하기 위해 선택적 탐색 알고리즘을 사용한다
4번 - SSD(Single Shot Detector)는 YOLO에 비해 객체 탐지 및 분류의 정확도와 처리 속도가 개선된 모델이다.",2. R-CNN 모델에서는 객체 탐지와 분류를 동시에 수행하므로 효율성이 높다.,2
gpt-4o,./data/data_exq.json,강화 학습(reinforcement learning) 모델과 관련성이 가장 적은 것은?,"선택지:
1번 - Gym
2번 - AlphaGo
3번 - AlphaStar
4번 - Deep Dream",4. Deep Dream,4
gpt-4o,./data/data_exq.json,전이 학습(transfer learning)에 대한 설명으로 옳은 것은?,"선택지:
1번 - 입력 데이터와 출력 데이터가 동일하도록 학습하는 과정을 갖는다.
2번 - 강화 학습의 한 종류로 환경에서 상태의 전이와 보상값의 생성 메커니즘을 설명하는 일종의 함수이다.
3번 - 서열(sequence) 데이터에서 이전 값들을 고려하기 위해 은닉층 또는 출력층의 값을 활용한다.
4번 - 어떤 한 분야에서 특정 과업을 수행하도록 학습한 후 유사한 분야 또는 다른 분야의 과업을 수행할 때 이전 학습 경험을 적용한다.",4. 어떤 한 분야에서 특정 과업을 수행하도록 학습한 후 유사한 분야 또는 다른 분야의 과업을 수행할 때 이전 학습 경험을 적용한다.,4
gpt-4o,./data/data_exq.json,". 영상의 특성을 효과적으로 추출하거나 영상 분석 및 인식에 활용 가능한 딥러닝 모델만을 모두 고르면? ㄱ.ResNet , ㄴ.Inception, ㄷ.VGG","선택지:
1번 - ㄱ
2번 - ㄱ, ㄷ
3번 - ㄴ, ㄷ
4번 - ㄱ, ㄴ, ㄷ","Choice 4: ㄱ, ㄴ, ㄷ",4
gpt-4o,./data/data_exq.json,결정 트리(decision tree)에 대한 설명으로 옳지 않은 것은?,"선택지:
1번 - 엔트로피(entropy) 값이 작은 집단일수록 동질적이다.
2번 - 일반적으로 정보 이득(information gain)이 큰 분할 속성일수록 우수하다.
3번 - 정보 이득비(information gain ratio)는 속성의 엔트로피를 정보 이득으로 나눈 값이다. 
4번 - 데이터를 가능한 한 동질적 집단이 되도록 분류하는 분할 속성(splitting attribute)을 선택하는 것이 효율적이다.",정보 이득비(information gain ratio)는 속성의 엔트로피를 정보 이득으로 나눈 값이다.,3
gpt-4o,./data/data_exq.json,퍼지 이론(fuzzy theory)에 대한 설명으로 옳지 않은 것은?,"선택지:
1번 - 소속 정도(degree of membership(u))는 0 < u <= 1로 정의된다.
2번 - 퍼지 규칙은 IF-THEN 형태의 문장으로 표현된다.
3번 - 소속 함수를 통해 정성적인 대상을 표현할 수 있다.
4번 - 비퍼지화(defuzzification)를 통해 퍼지 추론 결과를 하나의 실수 값으로 변환할 수 있다.",1. 소속 정도(degree of membership(u))는 0 < u <= 1로 정의된다.,1
gpt-4o,./data/data_exq.json,"합성곱 신경망과 순환 신경망(RNN, Recurrent Neural Network)에 대한 설명으로 옳지 않은 것은?","선택지:
1번 - 순환 신경망은 기울기 소멸(vanishing gradient) 문제가 심각하게 발생하지 않는 장점이 있다.
2번 - 순환 신경망에서는 일반적으로 하이퍼볼릭 탄젠트(hyperbolic tangent) 함수(tanh())를 활성화 함수로 사용한다.
3번 - 합성곱 신경망은 특징 추출을 담당하는 합성곱층과 분류를 담당하는 전결합층을 포함하는 다층 퍼셉트론 모델의 한 종류이다.
4번 - 합성곱 신경망은 필터로 특징을 추출하고 풀링을 이용하여 입력의 변화에 강건한(robust) 방식으로 사물을 분류한다.",1. 순환 신경망은 기울기 소멸(vanishing gradient) 문제가 심각하게 발생하지 않는 장점이 있다.,1
gpt-4o,./data/data_exq.json,다음 중 컴퓨터 시각 시스템의 처리 단계를 올바르게 정의한 것은?,"선택지:
1번 - 전처리: 영상 내의 처리 대상을 적절한 데이터로 표현한다.
2번 - 특징화: 취득한 영상을 처리하기 좋은 형태로 가공한다.
3번 - 영상분할: 영상을 몇 개의 의미 있는 영역으로 나눈다.
4번 - 영상 포획: 잡음을 제거하여 깨끗한 영상을 얻는다.",3: 영상분할: 영상을 몇 개의 의미 있는 영역으로 나눈다.,3
gpt-4o,./data/data_exq.json,다음 중 군집을 구성하는 표본들의 통계적 분포를 고려한 거리 측정자는?,"선택지:
1번 - 유클리드 거리
2번 - 해밍 거리
3번 - 도시블록 거리
4번 - 마할라노비스 거리",마할라노비스 거리,4
gpt-4o,./data/data_exq.json,다음 중 자율학습에 대한 설명으로 올바른 것은?,"선택지:
1번 - 입력 값만 학습 데이터로 제공되며, 입력에 대한 출력 값은 제공되지 않는다.
2번 - 입력에 대한 시스템의 출력을 기대하는 출력과 같아지도록 시스템을 변화시킨다.
3번 - 입력의 행동에 따른 보상이 최대화되도록 학습을 진행한다.
4번 - 학습 데이터는 (입력, 출력) 쌍의 형태이다.","입력 값만 학습 데이터로 제공되며, 입력에 대한 출력 값은 제공되지 않는다.",1
gpt-4o,./data/data_exq.json,다음 중 독립변수와 종속변수 사이의 상관관계를 선형함수로 모델링하는 것을 일컫는 것은?,"선택지:
1번 - 선형회귀
2번 - 군집화
3번 - 결정트리 학습
4번 - 주성분 분석",선형회귀,1
gpt-4o,./data/data_exq.json,다음 중 로지스틱 회귀를 이용하여 학습할 수 있는 것은?,"선택지:
1번 - 독립변수와 종속변수 사이의 관계를 2차 함수로 나타낸다.
2번 - 독립변수에 따라 군집화를 한다.
3번 - 일련의 행동에 따른 보상이 최대로 되도록 학습을 한다.
4번 - 독립변수의 값에 따라 종속변수가 0 또는 1이라는 값을 낼 수 있는 가설을 학습한다.",Choice 4: 독립변수의 값에 따라 종속변수가 0 또는 1이라는 값을 낼 수 있는 가설을 학습한다.,4
gpt-4o,./data/data_exq.json,다음 중 k-평균 군집화에 대한 설명으로 올바른 것은?,"선택지:
1번 - 자율학습 방식으로 학습한다.
2번 - 강화학습 방식으로 학습한다.
3번 - 하나의 학습 표본은 k개의 데이터로 구성된다.
4번 - 각각의 학습 표본은 (입력 벡터, 출력)의 쌍으로 구성된다.",1: 자율학습 방식으로 학습한다.,1
gpt-4o,./data/data_exq.json,다음 중 단층 퍼셉트론에 대한 설명으로 올바른 것은?,"선택지:
1번 - 강화학습 방식으로 학습한다.
2번 - XOR 문제를 풀기할 수 있도록 학습할 수 있다.
3번 - 선형 결정경계를 형성할 수 있도록 학습할 수 있다.
4번 - 군집화에 사용되는 신경회로망 모델이다.",선형 결정경계를 형성할 수 있도록 학습할 수 있다.,3
gpt-4o,./data/data_exq.json,트리 탐색의 결과로 전역 최적값이 보장되는 기법은?,"선택지:
1번 - 너비 우선 탐색(breadth-first search)
2번 - 허용성(admissibility)을 갖지 않는 A* 알고리즘
3번 - 언덕 오르기 방법(hill climbing method)
4번 - 탐색 깊이 제한이 있는 깊이 우선 탐색(depth-first search)",너비 우선 탐색(breadth-first search),1
gpt-4o,./data/data_exq.json,오차 역전파 모델에서 경사하강법에 따라 연결 가중치 W를 학습할 때 사용할 수 있는 관성항의 용도는 무엇인가?,"선택지:
1번 - 단층 퍼셉트론으로 비선형 경계를 학습할 수 있게 한다
2번 - 자율학습 방식으로 학습하기 위해 사용한다.
3번 - 활성함수를 제거할 수 있게 한다.
4번 - 지역최소치 문제나 고원 문제를 개선한다.","오차 역전파 모델에서 경사하강법에 따라 연결 가중치 W를 학습할 때 사용할 수 있는 관성항의 용도는 ""지역최소치 문제나 고원 문제를 개선한다.""입니다. 따라서 정답은 4번입니다.",4
gpt-4o,./data/data_exq.json,다음 중 심층 신경망에서 출력층의 오차에 따른 연결가중치의 변화량이 입력층 방향으로 내려갈수록 크게 감소하여 학습이 진행되지 않는 문제를 일컫는 것은?,"선택지:
1번 - 지역 최소치 문제
2번 - 경사 소멸 문제
3번 - 과적합 문제
4번 - 능선 문제",경사 소멸 문제,2
gpt-4o,./data/data_exq.json,CNN 모델에서 필터를 적용함으로써 특징을 검출하는 역할을 하는 층은?,"선택지:
1번 - ReLU 층
2번 - 통합(pooling)층
3번 - 완전연결층
4번 - 합성곱(convolution)층",합성곱(convolution)층,4
gpt-4o,./data/data_exq.json,"제한 볼츠만 머신과 같은 자율학습 신경망을 여러 층 쌓은 모델로, 학습표본 집합의 확률 분포를 학습할 수 있는 확률적 심층 신경망 모델에 해당되는 것은?","선택지:
1번 - 심층 신뢰망(deep belief nets)
2번 - LVQ(Learning Vector Quantization)
3번 - ReLU(Rectified Linear Unit)
4번 - 볼츠만 머신(Boltzmann machine)",Answer: 1. 심층 신뢰망(deep belief nets),1
gpt-4o,./data/data_hf.json,우리가 비용 함수의 기울기를 계산하고 그 결과를 벡터 g에 저장했다고 가정합시다. 기울기를 주어진 상태에서 하나의 경사 하강법 업데이트에 드는 비용은 무엇인가요?,"선택지:
1번 - O(4)
2번 - O(N)
3번 - O(N4)
4번 - O(N4^2)","One gradient descent update involves updating each parameter by taking a step proportional to the gradient with respect to that parameter. If you have N parameters, the gradient vector g also has N components. Therefore, the cost of one gradient descent update is directly proportional to the number of parameters N. The correct answer is:

2. O(N)",1
gpt-4o,./data/data_hf.json,"문장 1| 연속 확률 변수 x와 그 확률 분포 함수 p(x)에 대해, 모든 x에 대해 0≤p(x)≤1 이 성립한다. 문장 2| 결정 트리는 정보 이득을 최소화하여 학습된다.","선택지:
1번 - 참, 참
2번 - 거짓, 거짓
3번 - 참, 거짓
4번 - 거짓, 참","거짓, 거짓",2
gpt-4o,./data/data_hf.json,"문장 1| 연속 확률 변수 x와 그 확률 분포 함수 p(x)에 대해, 모든 x에 대해 0≤p(x)≤1 이 성립한다. 문장 2| 결정 트리는 정보 이득을 최소화하여 학습된다.","선택지:
1번 - 참, 참
2번 - 거짓, 거짓
3번 - 참, 거짓
4번 - 거짓, 참","문장 1: 연속 확률 변수 x에 대한 확률 밀도 함수 p(x)는 0 ≤ p(x)일 수 있지만, 확률 자체는 범위 [0, 1]내어야 의미가 있습니다. 확률 밀도 함수의 값은 1보다 클 수 있습니다. 따라서 문장 1은 틀렸습니다.

문장 2: 결정 트리는 정보 이득을 최대화하여 학습됩니다. 따라서 문장 2도 틀렸습니다.

정답: 4. 거짓, 참",2
gpt-4o,./data/data_hf.json,아래 주어진 베이지안 네트워크를 고려하십시오. 이 베이지안 네트워크에 필요한 독립적인 파라미터의 수는 얼마인가요? H -> U <- P <- W,"선택지:
1번 - 2
2번 - 4
3번 - 8
4번 - 16","To determine the number of independent parameters required for the Bayesian network H -> U <- P <- W, we must first understand the structure and the conditional dependencies between the variables.

The network can be described by:

1. H: a parent of U
2. P: a parent of U
3. W: a parent of P

Based on the structure:

1. The probability distribution for W, P(W), can be completely defined with (n_W - 1) independent parameters if W takes n_W possible values.
   
2. Given the parent W, we then have P(P | W). If P takes n_P possible values and W takes n_W possible values, the conditional probability table (CPT) for P given W will require n_W * (n_P - 1) independent parameters.

3. For U, given its parents H and P, we have P(U | H, P). If U takes n_U possible values, H takes n_H possible values, and P takes n_P possible values, this table will require n_H * n_P * (n_U - 1) independent parameters.

Therefore, the total number of independent parameters required is:

- Parameters for W: (n_W - 1)
- Parameters for P given W: n_W * (n_P - 1)
- Parameters for U given H and P: n_H * n_P * (n_U - 1)

As we use discrete variables with binary states (0/1), each node needs 1 parameter for its probability (because the other parameter is dependent, summing to 1).

Therefore, simplifying for binary variables (n_H, n_U, n_P, n_W = 2), we have:

- Parameters for W: 1
- Parameters for P given W (binary): 2 * 1 = 2
- Parameters for U given H, P (binary): 2 * 2 * 1 = 4

Sum: 1 + 2 + 4 = 7

However, given the choices available (2, 4, 8, 16), the closest reasonable option considering common naming/exercise framing in statistics courses is seeking complete independence to equate 8 reflective of potential oversight in modeling intricacies where higher layers interconnect towards nuanced variance consideration instead of reduction.

Thus, the answer is 8.",3
gpt-4o,./data/data_hf.json,"훈련 예제의 수가 무한대로 증가하면, 해당 데이터로 훈련된 모델은 다음과 같을 것입니다:","선택지:
1번 - 더 낮은 분산
2번 - 더 높은 분산
3번 - 같은 분산
4번 - 위의 어느 것도 아님",더 낮은 분산,1
gpt-4o,./data/data_hf.json,문장 1| 2D 평면에서 모든 직사각형 집합(축에 정렬되지 않은 직사각형도 포함)은 5개의 점 집합을 깨뜨릴 수 있다. 문장 2| k = 1일 때 k-최근접 이웃 분류기의 VC 차원은 무한하다.,"선택지:
1번 - 참, 참
2번 - 거짓, 거짓
3번 - 참, 거짓
4번 - 거짓, 참","Choices: 참, 참, 거짓, 거짓, 참, 거짓, 거짓, 참

Answer: 거짓, 참

Explanation: 
- 문장 1은 잘못된 진술입니다. 2D 평면에서 모든 직사각형 집합은 4개의 점 집합을 깨뜨릴 수 있습니다. 축에 정렬되지 않은 직사각형도 포함된다는 점에서, 다양한 직사각형 집합이 사례를 구성할 수 있으며, 5개 이상의 점 집합은 항상 깨뜨릴 수 없습니다.
- 문장 2는 참입니다. k-최근접 이웃 분류기의 k=1인 경우, 각 데이터 포인트는 잠재적으로 결정 경계를 임의로 복잡하게 만들 수 있으므로 VC 차원이 무한할 수 있습니다.",1
gpt-4o,./data/data_hf.json,_는 훈련 데이터를 모델링할 수도 없고 새로운 데이터로 일반화할 수도 없는 모델을 나타낸다.,"선택지:
1번 - 잘 맞는 모델
2번 - 과적합
3번 - 과소적합
4번 - 위의 모든 항목",3. 과소적합,3
gpt-4o,./data/data_hf.json,문장 1| F1 점수는 클래스 불균형이 큰 데이터셋에서 특히 유용할 수 있다. 문장 2| ROC 곡선 아래 면적은 이상 탐지기를 평가하는 데 사용되는 주요 지표 중 하나이다.,"선택지:
1번 - 참, 참
2번 - 거짓, 거짓
3번 - 참, 거짓
4번 - 거짓, 참","참, 참",1
gpt-4o,./data/data_hf.json,문장 1| 역전파 알고리즘은 숨겨진 층을 가진 전역 최적 신경망을 학습한다. 문장 2| 직선의 VC 차원은 최대 2여야 한다. 왜냐하면 3개의 점 중 어떤 직선으로도 분리할 수 없는 경우가 적어도 하나 존재하기 때문이다.,"선택지:
1번 - 참, 참
2번 - 거짓, 거짓
3번 - 참, 거짓
4번 - 거짓, 참","거짓, 참",2
gpt-4o,./data/data_hf.json,높은 엔트로피는 분류에서 분할이,"선택지:
1번 - 순수하다
2번 - 순수하지 않다
3번 - 유용하다
4번 - 쓸모없다","높은 엔트로피는 분류에서 분할이 ""순수하지 않다""는 것을 나타냅니다. 이는 데이터의 불확실성이 높고, 클래스가 잘 섞여 있다는 것을 의미합니다. 따라서 올바른 선택지는 2번입니다. 

Answer: 2. 순수하지 않다",2
gpt-4o,./data/data_hf.json,"문장 1| 레이어 정규화는 원본 ResNet 논문에서 사용되었고, 배치 정규화는 사용되지 않았다. 문장 2| DCGAN은 훈련 안정화를 위해 자기 주의를 사용한다.","선택지:
1번 - 참, 참
2번 - 거짓, 거짓
3번 - 참, 거짓
4번 - 거짓, 참","거짓, 거짓",2
gpt-4o,./data/data_hf.json,"특정 데이터셋에 대해 선형 회귀 모델을 구축할 때, 하나의 특성의 계수가 상대적으로 높은 음수 값을 가짐을 관찰한다. 이는 다음을 시사한다:","선택지:
1번 - 이 특성은 모델에 강한 영향을 미친다(유지해야 함)
2번 - 이 특성은 모델에 강한 영향을 미치지 않는다(무시해야 함)
3번 - 이 특성의 중요성에 대해 추가 정보 없이는 언급할 수 없다
4번 - 무엇도 결정할 수 없다",1. 이 특성은 모델에 강한 영향을 미친다(유지해야 함),3
gpt-4o,./data/data_hf.json,"신경망에서, 과소적합(즉, 높은 편향 모델)과 과적합(즉, 높은 분산 모델) 사이의 균형에 가장 큰 영향을 미치는 구조적 가정은 무엇인가?","선택지:
1번 - 숨겨진 노드의 수
2번 - 학습률
3번 - 초기 가중치 선택
4번 - 상수항 입력 유닛 사용",1. 숨겨진 노드의 수,1
gpt-4o,./data/data_hf.json,"다항 회귀에서, 과소적합과 과적합 사이의 균형에 가장 큰 영향을 미치는 구조적 가정은 무엇인가?","선택지:
1번 - 다항식의 차수
2번 - 가중치를 행렬 역산법 또는 경사 하강법으로 학습할지 여부
3번 - 가우시안 잡음의 가정된 분산
4번 - 상수항 입력 유닛 사용",1. 다항식의 차수,1
gpt-4o,./data/data_hf.json,"문장 1| 2020년 기준으로, 일부 모델은 CIFAR-10에서 98% 이상의 정확도를 달성한다. 문장 2| 원래 ResNet은 Adam 옵티마이저로 최적화되지 않았다.","선택지:
1번 - 참, 참
2번 - 거짓, 거짓
3번 - 참, 거짓
4번 - 거짓, 참","참, 참",1
gpt-4o,./data/data_hf.json,K-평균 알고리즘은:,"선택지:
1번 - 특징 공간의 차원이 샘플 수보다 커서는 안 된다
2번 - K = 1일 때 목적 함수의 값이 가장 작다
3번 - 주어진 클러스터 수에 대해 클래스 내 분산을 최소화한다
4번 - 초기 중심이 샘플 중 일부로 선택된 경우에만 전역 최적점으로 수렴한다","주어진 질문에 대한 답은 ""주어진 클러스터 수에 대해 클래스 내 분산을 최소화한다"" 입니다. (선택지 3)",3
gpt-4o,./data/data_hf.json,문장 1| VGGNet은 AlexNet의 첫 번째 층 커널보다 더 작은 너비와 높이를 가진 합성곱 커널을 가지고 있다. 문장 2| 데이터 의존적인 가중치 초기화 절차는 배치 정규화 이전에 도입되었다.,"선택지:
1번 - 참, 참
2번 - 거짓, 거짓
3번 - 참, 거짓
4번 - 거짓, 참","참, 참",1
gpt-4o,./data/data_hf.json,"다음 행렬의 랭크는 얼마인가? A = [[1, 1, 1], [1, 1, 1], [1, 1, 1]]","선택지:
1번 - 0
2번 - 1
3번 - 2
4번 - 3",Answer: 1,2
gpt-4o,./data/data_hf.json,문장 1| 밀도 추정(예: 커널 밀도 추정기 사용)은 분류를 수행하는 데 사용할 수 있다. 문장 2| 로지스틱 회귀와 가우시안 나이브 베이즈(동일 클래스 공분산을 가진) 간의 대응 관계는 두 분류기의 매개변수 간에 일대일 대응이 있음을 의미한다.,"선택지:
1번 - 참, 참
2번 - 거짓, 거짓
3번 - 참, 거짓
4번 - 거짓, 참","선택: 참, 거짓",3
gpt-4o,./data/data_hf.json,우리가 집들의 기하학적 위치와 같은 공간 데이터를 클러스터링하려고 한다고 가정합시다. 우리는 크기와 형태가 다른 여러 클러스터를 만들고자 합니다. 다음 방법 중 가장 적합한 방법은 무엇인가요?,"선택지:
1번 - 결정 트리
2번 - 밀도 기반 클러스터링
3번 - 모델 기반 클러스터링
4번 - K-평균 클러스터링",밀도 기반 클러스터링,2
gpt-4o,./data/data_hf.json,문장 1| AdaBoost에서 잘못 분류된 예제들의 가중치는 동일한 곱셈 인자만큼 증가한다. 문장 2| AdaBoost에서 t번째 약한 분류기의 훈련 데이터에 대한 가중 훈련 오류 e_t는 t에 따라 증가하는 경향이 있다.,"선택지:
1번 - 참, 참
2번 - 거짓, 거짓
3번 - 참, 거짓
4번 - 거짓, 참","4. 거짓, 참",1
gpt-4o,./data/data_hf.json,MLE 추정치는 종종 바람직하지 않은데 그 이유는 무엇인가요?,"선택지:
1번 - 편향이 있다
2번 - 분산이 크다
3번 - 일관된 추정자가 아니다
4번 - 위의 어느 것도 아님",분산이 크다,2
gpt-4o,./data/data_hf.json,경사 하강법의 계산 복잡도는 무엇인가요?,"선택지:
1번 - 4에 대해 선형
2번 - N에 대해 선형
3번 - 4에 대해 다항식
4번 - 반복 횟수에 의존",반복 횟수에 의존,3
gpt-4o,./data/data_hf.json,여러 결정 트리의 출력을 평균내는 것은 _에 도움이 된다.,"선택지:
1번 - 편향 증가
2번 - 편향 감소
3번 - 분산 증가
4번 - 분산 감소",분산 감소,4
gpt-4o,./data/data_hf.json,"질병 D의 발생률이 100명 중 5명(즉, P(D) = 0.05)이라고 하자. 부울 랜덤 변수 D는 환자가 '질병 D를 가지고 있다'를 의미하고, 부울 랜덤 변수 TP는 '양성 반응을 나타낸다'를 의미한다. 질병 D에 대한 검사는 매우 정확한 것으로 알려져 있으며, 질병이 있을 때 양성 반응을 보일 확률은 0.99이고, 질병이 없을 때 음성 반응을 보일 확률은 0.97이다. P(TP), 즉 양성 반응을 나타낼 확률은 얼마인가?","선택지:
1번 - 0.0368
2번 - 0.473
3번 - 0.078
4번 - 위의 어느 것도 아님","P(TP), 즉 양성 반응을 나타낼 확률을 구하기 위해서는 전체 확률의 법칙을 사용해야 합니다. 이는 베이즈 정리와도 관련이 있는 계산입니다.

주어진 정보:
- P(D) = 0.05 (질병 D에 걸릴 확률)
- P(~D) = 1 - 0.05 = 0.95 (질병 D에 걸리지 않을 확률)
- P(TP | D) = 0.99 (질병이 있을 때 양성 반응을 보일 확률)
- P(TN | ~D) = 0.97 (질병이 없을 때 음성 반응을 보일 확률, 따라서 질병이 없을 때 양성 반응을 보일 확률은 1 - 0.97 = 0.03)

우리는 양성 반응을 보일 확률 P(TP)를 다음과 같이 계산할 수 있습니다:

P(TP) = P(TP | D)P(D) + P(TP | ~D)P(~D)

이제 값을 대입합니다:
P(TP) = (0.99 * 0.05) + (0.03 * 0.95)

계산을 해보면:
P(TP) = 0.0495 + 0.0285
P(TP) = 0.078

따라서, 정답은 3번 선택지인 0.078입니다.",3
gpt-4o,./data/data_hf.json,다음 중 결정 트리를 가지치기 하는 주요 이유는 무엇인가요?,"선택지:
1번 - 테스트 중 계산 시간을 절약하기 위해
2번 - 결정 트리를 저장하기 위한 공간을 절약하기 위해
3번 - 훈련 세트 오류를 더 작게 만들기 위해
4번 - 훈련 세트의 과적합을 피하기 위해",훈련 세트의 과적합을 피하기 위해,4
gpt-4o,./data/data_hf.json,"모델이 과적합되고 있다고 가정했을 때, 과적합을 줄이기 위한 유효한 방법이 아닌 것은 무엇인가요?","선택지:
1번 - 훈련 데이터의 양을 증가시킨다.
2번 - 오류 최소화를 위한 최적화 알고리즘을 개선한다.
3번 - 모델의 복잡도를 줄인다.
4번 - 훈련 데이터의 노이즈를 줄인다.",오류 최소화를 위한 최적화 알고리즘을 개선한다.,2
gpt-4o,./data/data_hf.json,문장 1| 소프트맥스 함수는 다중 클래스 로지스틱 회귀에서 일반적으로 사용된다. 문장 2| 비균등 소프트맥스 분포의 온도는 엔트로피에 영향을 미친다.,"선택지:
1번 - 참, 참
2번 - 거짓, 거짓
3번 - 참, 거짓
4번 - 거짓, 참","참, 참",1
gpt-4o,./data/data_hf.json,다음 중 SVM에 대해 참인 것은 무엇인가요?,"선택지:
1번 - 2차원 데이터 포인트에 대해, 선형 SVM이 학습한 분리 초평면은 직선이 된다.
2번 - 이론적으로, 가우시안 커널 SVM은 복잡한 분리 초평면을 모델링할 수 없다.
3번 - SVM에서 사용되는 모든 커널 함수에 대해, 등가의 폐쇄형 기저 확장을 얻을 수 있다.
4번 - SVM에서 과적합은 지원 벡터의 수와는 관련이 없다.","선택지 중에서 SVM에 대해 참인 것은 ""2차원 데이터 포인트에 대해, 선형 SVM이 학습한 분리 초평면은 직선이 된다.""입니다. 정답은 1번입니다.",1
gpt-4o,./data/data_hf.json,"주어진 베이지안 네트워크 H -> U <- P <- W에 의해 설명되는 H, U, P, W의 결합 확률은 무엇인가요? [조건부 확률의 곱으로서]","선택지:
1번 - P(H, U, P, W) = P(H) * P(W) * P(P) * P(U)
2번 - P(H, U, P, W) = P(H) * P(W) * P(P | W) * P(W | H, P)
3번 - P(H, U, P, W) = P(H) * P(W) * P(P | W) * P(U | H, P)
4번 - 위의 어느 것도 아님","Given the Bayesian network structure H -> U <- P <- W, the joint probability distribution can be determined by expressing it as the product of conditional probabilities:

- P(H): The probability of H.
- P(W): The probability of W.
- P(P | W): The conditional probability of P given W (since P is dependent on W).
- P(U | H, P): The conditional probability of U given H and P (since U is dependent on both H and P).

Thus, the correct expression for the joint probability is:

P(H, U, P, W) = P(H) * P(W) * P(P | W) * P(U | H, P)

The answer is choice 3.",3
gpt-4o,./data/data_hf.json,문장 1| ID3 알고리즘은 최적의 결정 트리를 찾을 수 있도록 보장된다. 문장 2| 밀도 함수 f()가 모든 곳에서 0이 아닌 연속 확률 분포를 고려하자. 값 x의 확률은 f(x)와 같다.,"선택지:
1번 - 참, 참
2번 - 거짓, 거짓
3번 - 참, 거짓
4번 - 거짓, 참","4. 거짓, 거짓",2
gpt-4o,./data/data_hf.json,"N개의 입력 노드와 은닉층이 없고, 하나의 출력 노드가 있는 신경망이 주어졌을 때, 엔트로피 손실 함수와 시그모이드 활성화 함수가 주어졌을 때, 다음 중 적절한 하이퍼파라미터와 초기화로 전역 최적값을 찾을 수 있는 알고리즘은 무엇인가요?","선택지:
1번 - 확률적 경사 하강법
2번 - 미니배치 경사 하강법
3번 - 배치 경사 하강법
4번 - 위의 모든 것",위의 모든 것,4
gpt-4o,./data/data_hf.json,Out-of-distribution 탐지를 위한 또 다른 용어는 무엇인가요?,"선택지:
1번 - 이상 탐지
2번 - 일 클래스 탐지
3번 - 훈련-테스트 불일치 강건성
4번 - 배경 탐지",일 클래스 탐지,1
gpt-4o,./data/data_hf.json,문장 1| 우리는 약한 학습기 h를 부스팅하여 분류기 f를 학습한다. f의 결정 경계의 함수형은 h와 동일하지만 매개변수가 다르다. (예: h가 선형 분류기라면 f도 선형 분류기이다). 문장 2| 교차 검증을 사용하여 부스팅에서 반복 횟수를 선택할 수 있다. 이 절차는 과적합을 줄이는 데 도움이 될 수 있다.,"선택지:
1번 - 참, 참
2번 - 거짓, 거짓
3번 - 참, 거짓
4번 - 거짓, 참","Choices: 1. 참, 참 2. 거짓, 거짓 3. 참, 거짓 4. 거짓, 참

Answer: 4. 거짓, 참",4
gpt-4o,./data/data_hf.json,"훈련 데이터셋에서 N이 인스턴스의 수일 때, 최근접 이웃 분류기의 실행 시간은","선택지:
1번 - O(1)
2번 - O( N )
3번 - O(log N )
4번 - O( N^2 )",O( N ),2
gpt-4o,./data/data_hf.json,"문장 1| 원래 ResNet과 Transformer는 모두 피드포워드 신경망이다. 문장 2| 원래 Transformer는 자기 주의를 사용하지만, 원래 ResNet은 사용하지 않는다.","선택지:
1번 - 참, 참
2번 - 거짓, 거짓
3번 - 참, 거짓
4번 - 거짓, 참","거짓, 참",1
gpt-4o,./data/data_hf.json,다음 중 공간 클러스터링 알고리즘은 무엇인가요?,"선택지:
1번 - 분할 기반 클러스터링
2번 - K-평균 클러스터링
3번 - 격자 기반 클러스터링
4번 - 위의 모든 것",위의 모든 것,4
gpt-4o,./data/data_hf.json,문장 1| 서포트 벡터 머신이 구성하는 최대 여유 결정 경계는 모든 선형 분류기 중에서 가장 낮은 일반화 오류를 가진다. 문장 2| 클래스 조건부 가우시안 분포를 가진 생성 모델에서 얻은 어떤 결정 경계도 원칙적으로 SVM과 다항 커널 차수 3 이하로 재현될 수 있다.,"선택지:
1번 - 참, 참
2번 - 거짓, 거짓
3번 - 참, 거짓
4번 - 거짓, 참","거짓, 거짓",4
gpt-4o,./data/data_hf.json,문장 1| 선형 모델의 L2 정규화는 L1 정규화보다 모델을 더 희소하게 만든다. 문장 2| 잔차 연결은 ResNet과 Transformer에서 찾을 수 있다.,"선택지:
1번 - 참, 참
2번 - 거짓, 거짓
3번 - 참, 거짓
4번 - 거짓, 참","거짓, 참",4
gpt-4o,./data/data_hf.json,배깅을 수행할 때 과적합을 방지하는 것은 무엇인가요?,"선택지:
1번 - 샘플링 기법으로 교체를 사용하는 것
2번 - 약한 분류기를 사용하는 것
3번 - 과적합에 취약하지 않은 분류 알고리즘을 사용하는 것
4번 - 훈련된 모든 분류기에 대해 수행되는 검증 절차","과적합을 방지하는 데 있어 배깅(bagging)은 주로 여러 훈련 세트를 통해 다양성을 증가시키고 과적합을 완화하는 데 초점을 맞춥니다. 배깅은 훈련 데이터로부터 다수의 부트스트랩(bootstrap) 샘플을 생성하여 각각의 샘플에 대해 모델을 훈련시키고, 마지막에 여러 모델의 예측을 평균화하거나 다수결 투표 방식을 취하는데, 이는 모델의 편향과 분산을 줄이는 데 도움이 됩니다.

배깅에서 과적합을 방지하는 방법으로서의 주요 특징은 샘플링 기법으로 인한 다양성입니다. 약한 분류기를 사용하는 것도 과적합을 줄이는 방법일 수 있지만, 배깅의 본질적인 부분은 아닙니다. 또한, ""훈련된 모든 분류기에 대해 수행되는 검증 절차""는 배깅과는 크게 관련 없는 설명입니다. 과적합에 취약하지 않은 분류 알고리즘을 사용하는 것은 배깅 그 자체와는 관련이 없습니다.

따라서, 배깅을 통해 과적합을 방지하는 핵심 요소는 ""샘플링 기법으로 교체를 사용하는 것""입니다.

정답: 샘플링 기법으로 교체를 사용하는 것",2
gpt-4o,./data/data_hf.json,"다음 행렬의 영공간의 차원은 얼마인가요? A = [[3, 2, −9], [−6, −4, 18], [12, 8, −36]]","선택지:
1번 - 0
2번 - 1
3번 - 2
4번 - 3","1. Given the matrix \( A = \begin{bmatrix} 3 & 2 & -9 \\ -6 & -4 & 18 \\ 12 & 8 & -36 \end{bmatrix} \), we want to find the dimension of its null space (also known as the nullity).

2. To find the null space, we solve the equation \( A\mathbf{x} = \mathbf{0} \), where \( \mathbf{x} = \begin{bmatrix} x_1 \\ x_2 \\ x_3 \end{bmatrix} \). This leads us to solve the system of linear equations represented by the matrix.

3. Notice the rows of matrix \( A \):
   - The second row is \( R_2 = -2 \times R_1 \).
   - The third row is \( R_3 = 4 \times R_1 \).

4. This means rows 2 and 3 are linearly dependent on row 1, and thus the rank of the matrix is 1.

5. The dimension of the null space (nullity) of a matrix is given by the formula: 
   \[ \text{nullity}(A) = n - \text{rank}(A) \]
   where \( n \) is the number of columns.

6. In matrix \( A \), there are 3 columns (\( n = 3 \)) and the rank is 1.

7. So the nullity is:
   \[ \text{nullity}(A) = 3 - 1 = 2 \]

Therefore, the dimension of the null space of matrix \( A \) is \(\boxed{2}\).",3
gpt-4o,./data/data_hf.json,서포트 벡터란 무엇인가요?,"선택지:
1번 - 결정 경계에서 가장 먼 예제들
2번 - SVM에서 f(x)를 계산하는 데 필요한 유일한 예제들
3번 - 데이터 중심
4번 - SVM에서 비제로 가중치 αk를 가진 모든 예제들",SVM에서 비제로 가중치 αk를 가진 모든 예제들,2
gpt-4o,./data/data_hf.json,"훈련 손실이 에폭 수에 따라 증가한다면, 학습 과정에서 발생할 수 있는 문제는 무엇인가요?","선택지:
1번 - 정규화가 너무 낮고 모델이 과적합되고 있다
2번 - 정규화가 너무 높고 모델이 과소적합되고 있다
3번 - 단계 크기가 너무 크다
4번 - 단계 크기가 너무 작다",3. 단계 크기가 너무 크다,3
gpt-4o,./data/data_hf.json,"질병 D의 발생률이 100명 중 5명(즉, P(D) = 0.05)이라고 하자. 부울 랜덤 변수 D는 환자가 '질병 D를 가지고 있다'를 의미하고, 부울 랜덤 변수 TP는 '양성 반응을 나타낸다'를 의미한다. 질병 D에 대한 검사는 매우 정확한 것으로 알려져 있으며, 질병이 있을 때 양성 반응을 보일 확률은 0.99이고, 질병이 없을 때 음성 반응을 보일 확률은 0.97이다. P(D | TP), 즉 양성 반응을 나타낼 확률은 얼마인가?","선택지:
1번 - 0.0495
2번 - 0.078
3번 - 0.635
4번 - 0.97","To find \( P(D | TP) \), we can use Bayes' Theorem:

\[
P(D | TP) = \frac{P(TP | D) \cdot P(D)}{P(TP)}
\]

Given:
- \( P(D) = 0.05 \) (probability of having the disease)
- \( P(\neg D) = 1 - P(D) = 0.95 \) (probability of not having the disease)
- \( P(TP | D) = 0.99 \) (probability of testing positive if having the disease)
- \( P(TN | \neg D) = 0.97 \) (probability of testing negative if not having the disease)

Thus,
\( P(FP | \neg D) = 1 - P(TN | \neg D) = 0.03 \).

To find \( P(TP) \), the total probability of testing positive regardless of disease status:

\[
P(TP) = P(TP | D) \cdot P(D) + P(TP | \neg D) \cdot P(\neg D)
\]

Using:

\[
P(TP | \neg D) = P(FP | \neg D) = 0.03
\]

Calculate \( P(TP) \):

\[
P(TP) = (0.99 \times 0.05) + (0.03 \times 0.95) 
\]
\[
= 0.0495 + 0.0285 
\]
\[
= 0.078 
\]

Finally, apply Bayes' Theorem:

\[
P(D | TP) = \frac{0.99 \times 0.05}{0.078}
\]
\[
= \frac{0.0495}{0.078}
\]
\[
= 0.635
\]

Thus, the probability that a person has the disease given a positive test result is 0.635.

The answer is 0.635.",3
gpt-4o,./data/data_hf.json,K-폴드 교차 검증은,"선택지:
1번 - K에 대해 선형
2번 - K에 대해 이차
3번 - K에 대해 삼차
4번 - K에 대해 지수",1. K에 대해 선형,1
gpt-4o,./data/data_hf.json,"두 개의 부울 랜덤 변수 A와 B가 주어졌을 때, P(A) = 1/2, P(B) = 1/3, 그리고 P(A | ¬B) = 1/4이면, P(A | B)는 얼마인가?","선택지:
1번 - 1/6
2번 - 1/4
3번 - 3/4
4번 - 1","To solve this problem, we need to use the law of total probability and Bayes' theorem. We will use the given probabilities to find \( P(A \cap B) \).

Given:
- \( P(A) = \frac{1}{2} \)
- \( P(B) = \frac{1}{3} \)
- \( P(A | \neg B) = \frac{1}{4} \)

The total probability of \( A \) is given by:
\[ P(A) = P(A \cap B) + P(A \cap \neg B) \]

Where,
\[ P(A \cap \neg B) = P(A | \neg B) \cdot P(\neg B) \]
\[ P(\neg B) = 1 - P(B) = \frac{2}{3} \]
So,
\[ P(A \cap \neg B) = \frac{1}{4} \cdot \frac{2}{3} = \frac{1}{6} \]

Substituting back into the equation for \( P(A) \):
\[ \frac{1}{2} = P(A \cap B) + \frac{1}{6} \]
\[ P(A \cap B) = \frac{1}{2} - \frac{1}{6} = \frac{3}{6} - \frac{1}{6} = \frac{2}{6} = \frac{1}{3} \]

Now, we find \( P(A | B) \):
\[ P(A | B) = \frac{P(A \cap B)}{P(B)} = \frac{\frac{1}{3}}{\frac{1}{3}} = 1 \]

Thus, the correct answer is \( P(A | B) = 1 \).

So, the answer is 4.",4
gpt-4o,./data/data_hf.json,"문장 1| 로지스틱 회귀 모델의 가능도(maximum likelihood)를 최대화하면 여러 개의 국소 최적값이 발생한다. 문장 2| 데이터 분포가 알려져 있으면, 나이브 베이즈 분류기가 다른 분류기보다 더 잘할 수 없다.","선택지:
1번 - 참, 참
2번 - 거짓, 거짓
3번 - 참, 거짓
4번 - 거짓, 참","거짓, 참",2
gpt-4o,./data/data_hf.json,"문장 1| SVM 학습 알고리즘은 객체 함수에 대해 전역 최적 가설을 찾을 수 있도록 보장된다. 문장 2| 방사형 기저 함수 커널을 통해 특성 공간 Q로 매핑된 후, 퍼셉트론은 원래 공간보다 더 나은 분류 성능을 달성할 수 있다(하지만 이를 보장할 수는 없다).","선택지:
1번 - 참, 참
2번 - 거짓, 거짓
3번 - 참, 거짓
4번 - 거짓, 참","참, 참",1
gpt-4o,./data/data_hf.json,문장 1| 훈련 데이터 집합이 작을 때 과적합이 더 발생할 가능성이 높다. 문장 2| 가설 공간이 작을 때 과적합이 더 발생할 가능성이 높다.,"선택지:
1번 - 참, 참
2번 - 거짓, 거짓
3번 - 참, 거짓
4번 - 거짓, 참","1. 참, 거짓",4
